%YAML:1.0
transform: !!opencv-matrix
   rows: 3
   cols: 3
   dt: d
   data: [ -1.2031496587840185e+00, -4.3538612112395993e+00,
       2.2901516058177249e+03, 1.2503918796322455e-01,
       -5.9626163028652357e+00, 3.2140379451817230e+03,
       6.3238462111813787e-05, -4.4668996125788469e-03, 1. ]
