image_width: 1280
image_height: 964
camera_name: 18064461
camera_matrix:
  rows: 3
  cols: 3
  data: [730.089675, 0.000000, 662.572253, 0.000000, 734.015999, 486.144443, 0.000000, 0.000000, 1.000000]
distortion_model: plumb_bob
distortion_coefficients:
  rows: 1
  cols: 5
  data: [-0.247334, 0.049363, 0.000464, 0.000510, 0.000000]
rectification_matrix:
  rows: 3
  cols: 3
  data: [1.000000, 0.000000, 0.000000, 0.000000, 1.000000, 0.000000, 0.000000, 0.000000, 1.000000]
projection_matrix:
  rows: 3
  cols: 4
  data: [553.475403, 0.000000, 679.972512, 0.000000, 0.000000, 643.313232, 488.247291, 0.000000, 0.000000, 0.000000, 1.000000, 0.000000]
