image_width: 1920
image_height: 1080
camera_name: camera
camera_matrix:
  rows: 3
  cols: 3
  data: [1372.059943, 0.000000, 959.500000, 0.000000, 1372.059943, 539.500000, 0.000000, 0.000000, 1.000000]
distortion_model: plumb_bob
distortion_coefficients:
  rows: 1
  cols: 5
  data: [0.080721, -0.149453, 0.002301, 0.004960, 0.000000]
rectification_matrix:
  rows: 3
  cols: 3
  data: [1.000000, 0.000000, 0.000000, 0.000000, 1.000000, 0.000000, 0.000000, 0.000000, 1.000000]
projection_matrix:
  rows: 3
  cols: 4
  data: [1376.400513, 0.000000, 969.542514, 0.000000, 0.000000, 1390.385742, 540.794665, 0.000000, 0.000000, 0.000000, 1.000000, 0.000000]
