image_width: 640
image_height: 480
camera_name: camera
camera_matrix:
  rows: 3
  cols: 3
  data: [400.281325, 0, 319.5, 0, 400.281325, 239.5, 0, 0, 1]
distortion_model: plumb_bob
distortion_coefficients:
  rows: 1
  cols: 5
  data: [0.085627, -0.092642, 0.027096, 0.004307, 0]
rectification_matrix:
  rows: 3
  cols: 3
  data: [1, 0, 0, 0, 1, 0, 0, 0, 1]
projection_matrix:
  rows: 3
  cols: 4
  data: [412.932129, 0, 322.590083, 0, 0, 408.693695, 252.248947, 0, 0, 0, 1, 0]
