image_width: 1280
image_height: 964
camera_name: 18064461
camera_matrix:
  rows: 3
  cols: 3
  data: [740.185033, 0.000000, 652.519893, 0.000000, 692.104879, 510.626189, 0.000000, 0.000000, 1.000000]
distortion_model: plumb_bob
distortion_coefficients:
  rows: 1
  cols: 5
  data: [-0.267739, 0.066588, 0.001127, -0.000608, 0.000000]
rectification_matrix:
  rows: 3
  cols: 3
  data: [1.000000, 0.000000, 0.000000, 0.000000, 1.000000, 0.000000, 0.000000, 0.000000, 1.000000]
projection_matrix:
  rows: 3
  cols: 4
  data: [568.295471, 0.000000, 656.088861, 0.000000, 0.000000, 586.508911, 523.852653, 0.000000, 0.000000, 0.000000, 1.000000, 0.000000]
