image_width: 640
image_height: 480
camera_name: camera
camera_matrix:
  rows: 3
  cols: 3
  data: [696.493249, 0.000000, 311.153099, 0.000000, 644.891751, 253.422528, 0.000000, 0.000000, 1.000000]
distortion_model: plumb_bob
distortion_coefficients:
  rows: 1
  cols: 5
  data: [-0.088979, 0.096078, 0.002432, 0.000775, 0.000000]
rectification_matrix:
  rows: 3
  cols: 3
  data: [1.000000, 0.000000, 0.000000, 0.000000, 1.000000, 0.000000, 0.000000, 0.000000, 1.000000]
projection_matrix:
  rows: 3
  cols: 4
  data: [686.291870, 0.000000, 311.331478, 0.000000, 0.000000, 637.760376, 254.339019, 0.000000, 0.000000, 0.000000, 1.000000, 0.000000]
